[[[0.9999990959379148, 9.040620851402111e-07], [0.8453422257992386, 0.15465777420076146]], [[1.0, 1.1034570814063109e-37], [0.714285714427966, 0.285714285572034]]]
[[[0.7770890715399903, 0.22291092846000962], [0.9999999767525809, 2.324741903953748e-08]], [[0.7142857146114837, 0.28571428538851634], [1.0, 1.0651709170628803e-33]]]
[[[0.9999993377007321, 6.622992678686208e-07], [0.8236896640408267, 0.17631033595917342]], [[0.8571488550413445, 0.1428511449586555], [1.0, 3.1739264915199756e-150]]]
[[[0.9999767792545836, 0.0, 2.32207454163425e-05], [0.8670138293653304, 0.0, 0.1329861706346695]], [[0.863275247237739, 0.13672475276226112], [0.9999688472843162, 3.115271568371933e-05]]]
[[[0.8689201901526766, 0.1310798098473234], [0.8643826357479983, 0.13561736425200174]], [[0.716870335299799, 0.28312966470020096], [0.9999999443555633, 5.564443671328854e-08]]]
[[[0.00011737514353051272, 0.6665884165709797, 0.33329420828548983], [1.0, 1.2998828417784054e-18, 9.188310237457754e-19]], [[0.40565953226532053, 0.5943404677346795], [0.9999730302053341, 2.6969794665751858e-05]]]
[[[1.0, 0.0, 2.0682104472764427e-62], [0.625, 0.0, 0.375]], [[0.00872576923353671, 0.0, 0.6608494871776421, 0.33042474358882107], [0.9164828751547345, 0.08351712484526556, 2.2939169784784255e-25, 5.516365747065933e-25]]]
[[[0.8647275088330837, 0.13527249116691636], [0.8685808554822151, 0.1314191445177849]], [[0.9999999999999649, 3.160399094137311e-16, 3.4777616239349945e-14], [8.621395221870296e-06, 0.24999784465121774, 0.7499935339535604]]]
[[[0.9999486621499941, 5.133785000594913e-05], [0.8374340309113195, 0.16256596908868043]], [[0.9999511776671466, 4.368759531385794e-05, 5.134737539654332e-06], [0.4274572962933484, 0.42939891578636485, 0.1431437879202867]]]
[[[0.8529836992123053, 0.0, 0.14701630078769468], [0.9999571515775268, 0.0, 4.284842247312157e-05]], [[0.9999999999999947, 5.4031107553163666e-15], [0.041750411792332895, 0.958249588207667]]]
[[[0.9999988454728823, 1.154527117676587e-06], [0.8376728528017543, 0.16232714719824573]], [[0.9999498975825709, 5.010241742902683e-05], [0.8445640053925617, 0.1554359946074382]]]
[[[0.043348875613965394, 0.9566511243860346], [1.0, 9.133071998345118e-21]], [[0.9305775540662181, 0.06942244593378191], [0.9359712945829115, 0.06402870541708844]]]
[[[0.8636207340961987, 0.1363792659038013], [0.9999999960171122, 3.982887805887349e-09]], [[0.7142857167552101, 0.28571428324478987], [1.0, 1.3168637482584581e-33]]]
[[[0.9999999999966495, 3.3504749338985214e-12], [0.32481672203700873, 0.6751832779629913]], [[0.9999999999985302, 1.4698963663317762e-12], [0.8665892597136091, 0.1334107402863909]]]
[[[0.22119582307842178, 0.7788041769215782], [0.99999999998398, 1.6019985860863715e-11]], [[0.8202435893317452, 0.0, 0.0, 0.17975641066825473], [0.9999999766328721, 0.0, 0.0, 2.3367127830285585e-08]]]
[[[1.0, 2.8269147975546467e-24], [0.8571855147300385, 0.14281448526996154]], [[0.9999711552762757, 2.884472372436252e-05], [0.8578556099633562, 0.14214439003664384]]]
[[[0.7871393719631284, 0.2128606280368716], [0.9999997627240195, 2.3727598044343977e-07]], [[0.999999999999915, 8.504877273245524e-14], [0.8666478736430512, 0.13335212635694885]]]
[[[0.3183419533530151, 0.681658046646985], [0.9999999999874739, 1.2526183229466924e-11]], [[0.8538129142034998, 0.14618708579650022], [0.9999983167385574, 1.683261442622986e-06]]]
[[[0.9999999800721069, 1.9927893218997762e-08], [0.7444900830737529, 0.2555099169262471]], [[1.8398690439960183e-22, 1.0], [1.0, 0.0]]]
[[[0.009452730646245171, 0.9905472693537549], [1.0, 1.2960349121309573e-17]], [[0.9999999782798376, 2.1720162500835564e-08], [0.8622776408043924, 0.13772235919560755]]]
[[[0.9999999998372939, 1.6270612841391178e-10], [0.6363683659805135, 0.3636316340194864]], [[0.9999989761804302, 0.0, 1.023819569724024e-06], [0.8476253657023383, 0.0, 0.15237463429766168]]]
[[[0.9999464067371976, 3.834139713620657e-05, 1.5251865666205567e-05], [0.44511167027082593, 0.2774316844129074, 0.27745664531626674]], [[0.9999999909012972, 9.098702835368366e-09], [0.42273142747990217, 0.5772685725200979]]]
[[[0.8321965257570048, 0.16780347424299522], [0.999999647779248, 3.52220752038878e-07]], [[6.487864550047156e-31, 1.0], [1.0, 0.0]]]
[[[0.8222920011787741, 0.17770799882122598], [0.9999614972993572, 3.850270064285313e-05]], [[0.9999889043118669, 1.1095688133056916e-05], [0.8075824780437568, 0.19241752195624312]]]
[[[0.4755047886355487, 0.5244952113644513], [0.9999527898518755, 4.72101481244102e-05]], [[0.06583625458265893, 0.934163745417341], [0.9999999999998158, 1.8416833028286058e-13]]]
[[[0.999998734999087, 1.2650009130737003e-06], [0.8452440593834932, 0.15475594061650677]], [[0.8364622435258882, 0.16353775647411192], [0.9999997310905632, 2.6890943676590636e-07]]]
[[[0.26206203533967587, 0.36896898285092994, 0.3689689818093942], [0.9999999992946227, 2.3784378741975965e-10, 4.675334866410032e-10]], [[0.8415459091137868, 0.15845409088621332], [0.9999502036363418, 4.9796363658206076e-05]]]
[[[0.8437409262075674, 0.15625907379243265], [0.9999996567002245, 3.4329977544664713e-07]], [[0.9999997780627977, 2.2193720226326359e-07], [0.7853407396311918, 0.21465926036880822]]]
[[[0.8416158514401744, 3.5077667515232804e-12, 0.15838414855631777], [0.6546260422943286, 0.34537395770564694, 2.4524445090944786e-14]], [[0.060834512804448064, 0.46958274359837654, 0.4695827435971754], [0.9999999999996895, 5.593173697370145e-14, 2.54686299433062e-13]]]
[[[0.9314165126108689, 0.06858348738913109], [0.9352034385819408, 0.06479656141805919]], [[5.7932344039669875e-05, 0.9999420676559603], [0.9999999999992202, 7.79769896351914e-13]]]
[[[0.17679799978423352, 0.0, 0.0, 0.0, 0.8232020002157665], [0.9999999999404622, 0.0, 0.0, 0.0, 5.95377817129729e-11]], [[0.9999999998416114, 1.5838874345044742e-10], [0.6363683737261588, 0.36363162627384127]]]
[[[0.015875221250129058, 0.9841247787498709], [1.0, 3.0232395362984814e-20]], [[0.8644070309955283, 0.13559296900447168], [0.868900906968756, 0.131099093031244]]]
[[[0.9999999997692524, 2.3074767509991288e-10], [0.6363683498329943, 0.3636316501670058]], [[0.534926576896269, 0.2325367675310282, 0.23253665557270273], [0.9999998911721407, 3.191474280638588e-08, 7.691311650138853e-08]]]
[[[0.9999999830958844, 1.6904115481728843e-08], [0.6787321721171493, 0.3212678278828506]], [[0.999981040433675, 1.8959566325023724e-05], [0.861758693278111, 0.13824130672188895]]]
[[[0.8571515772848463, 0.14284842271515372], [1.0, 6.979877708833454e-141]], [[0.3351425898271491, 0.6648574101728509], [0.9999999999967008, 3.299227632640495e-12]]]
[[[0.567680370117714, 0.43231962988228606], [0.999999999374637, 6.253629797965676e-10]], [[0.824601536982299, 0.17539846301770096], [0.9999981349955609, 1.8650044391097054e-06]]]
[[[1.0, 3.4298080510755534e-22], [0.00011764475530970031, 0.9998823552446903]], [[0.6295300506651473, 0.0, 0.3704699493348527], [0.999999998551562, 0.0, 1.4484380649608472e-09]]]
[[[0.834946335163651, 0.16505366483634906], [0.9999986988828751, 1.3011171249870678e-06]], [[0.03248136347576769, 0.9675186365242323], [1.0, 3.426488492522443e-20]]]
[[[0.6132547619317954, 0.3867452380682046], [0.9999999996559807, 3.4401933230362406e-10]], [[1.0, 0.0], [1.0153044240515716e-26, 1.0]]]
[[[0.9999992849897109, 7.150102889647855e-07], [0.8236654061669505, 0.17633459383304945]], [[0.7432531939628975, 0.25674680603710254], [0.9999999845067571, 1.5493242931025316e-08]]]
[[[0.7071837390090452, 0.29281626099095487], [0.9999999945222109, 5.477789052346229e-09]], [[0.9999999999210057, 7.899427787384186e-11], [0.18805554264940202, 0.811944457350598]]]
[[[0.8416174824948419, 3.5664990888552697e-12, 0.15838251750159166], [0.6546234569955425, 0.3453765430044423, 1.526856516255009e-14]], [[0.3081743561451562, 0.3459128218040609, 0.3459128220507829], [0.9999999997834657, 1.3771814570293682e-10, 7.881622540953176e-11]]]
[[[0.9999964465886582, 3.553411341757472e-06], [0.8462408862510129, 0.15375911374898715]], [[1.0, 2.21507630755304e-43], [0.714285714855022, 0.28571428514497804]]]
[[[0.9999665720583476, 0.0, 3.34279416522664e-05], [0.819047429871468, 0.0, 0.18095257012853205]], [[0.9999999999953854, 3.990681742346756e-12, 6.238988493602815e-13], [0.05660256401777804, 0.47169871798088353, 0.4716987180013385]]]
[[[0.005818867278608414, 0.9941811327213916], [1.0, 4.186678590019954e-18]], [[0.9999999992684562, 7.315437152916793e-10], [0.7312868650931172, 0.2687131349068827]]]
[[[0.013263856183283159, 0.9867361438167168], [0.9999999999999999, 1.7726481030757792e-16]], [[0.15248518422385793, 0.8475148157761421], [1.0, 4.192708463989389e-20]]]
[[[0.8267867009213974, 0.17321329907860253], [0.9999986163718302, 1.3836281697636461e-06]], [[0.8666303797141833, 0.13336962028581664], [0.9999999999997368, 2.631505183411982e-13]]]
[[[1.0, 2.25475661948981e-168], [0.8571467667637255, 0.14285323323627452]], [[1.0, 4.561711786383622e-176], [0.8571454916261012, 0.14285450837389874]]]
[[[1.0, 7.01255725785373e-44], [0.5714285720094611, 0.4285714279905389]], [[1.0, 7.851217265771811e-59], [0.625, 0.375]]]
[[[7.988487600969386e-06, 0.9999920115123989], [0.9999999999999745, 2.5482573867309496e-14]], [[0.7142857167886764, 0.2857142832113237], [1.0, 5.240437822589812e-31]]]
[[[0.9999999999999999, 8.066144540991579e-17, 1.7326239536817773e-17], [0.012862104860936334, 0.4935689475695315, 0.49356894756953196]], [[0.7062070524117375, 0.2937929475882624], [0.9999994768080712, 5.231919287906671e-07]]]
[[[0.9999593501662084, 4.064983379158608e-05], [0.853475292601624, 0.14652470739837598]], [[0.9999993455681425, 0.0, 6.544318575485642e-07], [0.792985461256985, 0.0, 0.20701453874301493]]]
[[[0.5617170722854291, 0.0, 0.4382829277145709], [0.99999999878596, 0.0, 1.2140400769739417e-09]], [[0.8633380707414647, 0.1366619292585352], [0.9999742631104986, 2.5736889501425484e-05]]]
[[[0.9999982854387764, 1.7145612235219755e-06], [0.8469540833248645, 0.15304591667513542]], [[0.9999998519610153, 1.4803898479528505e-07], [0.8172773823416772, 0.18272261765832273]]]
[[[0.9999999987532228, 1.2467772267874875e-09], [0.6100838964391363, 0.38991610356086365]], [[0.9999955111575289, 4.48884247103259e-06], [0.8507258642437511, 0.1492741357562489]]]
[[[0.9999959822450303, 4.017754969641917e-06], [0.8350509719374491, 0.16494902806255088]], [[0.8566930587643018, 0.14330694123569815], [0.9999578914286067, 4.210857139333891e-05]]]
[[[0.6416378985778461, 0.35836210142215397], [0.9999999998704002, 1.2959975654540173e-10]], [[0.8069754083949818, 0.19302459160501814], [0.9999995241057266, 4.7589427356552964e-07]]]
[[[0.7092058998888146, 0.29079410011118534], [0.9999999744188349, 2.5581165149852327e-08]], [[0.8574660119290355, 0.14253398807096446], [0.9999594500676606, 4.05499323393447e-05]]]
[[[0.9999508809628644, 4.9119037135575155e-05], [0.83486728046802, 0.16513271953198003]], [[0.9999999961539925, 3.8460075308682696e-09], [0.6991929471473691, 0.3008070528526309]]]
[[[0.04363897290646963, 0.0, 0.9563610270935303], [0.9999999991332252, 0.0, 8.667747704194096e-10]], [[0.8667334424329737, 0.13326655756702632], [0.8665998843762793, 0.13340011562372062]]]
[[[0.0686403024078813, 0.9313596975921188], [0.999990449528124, 9.550471876003981e-06]], [[0.04188213559422756, 0.47905893220182677, 0.0, 0.0, 0.0, 0.4790589322039457], [0.9999999999994524, 4.4502834527073644e-13, 0.0, 0.0, 0.0, 1.0251327678152363e-13]]]
[[[0.9999999999999596, 3.805933398057085e-14, 2.3248100686167793e-15], [0.02238522925090331, 0.48880738537443524, 0.48880738537466145]], [[0.17873683032319096, 0.821263169676809], [0.999999999960828, 3.917204156249598e-11]]]
[[[0.7981810953714795, 0.20181890462852042], [0.9999993997720668, 6.002279332465885e-07]], [[0.9999987058255024, 0.0, 1.2941744976290367e-06], [0.8073442263440619, 0.0, 0.1926557736559381]]]
[[[0.17926806695158548, 0.8207319330484145], [0.9999999999675502, 3.24499125795009e-11]], [[0.9999996075137446, 0.0, 0.0, 3.9248625546261367e-07], [0.8909190528999121, 0.0, 0.0, 0.10908094710008796]]]
[[[0.15411802676627626, 0.8458819732337238], [0.9999999999997208, 2.792021829812831e-13]], [[0.29817289693349097, 0.701827103066509], [0.9999999999969109, 3.0890162183815687e-12]]]
[[[0.9999823558769744, 1.7644123025624833e-05], [0.8099755957464896, 0.19002440425351047]], [[0.8300169557227985, 0.1699830442772015], [0.9999991691334894, 8.308665105344966e-07]]]
[[[0.9999719090385426, 2.809096145739496e-05], [0.8649580452457194, 0.1350419547542806]], [[0.9999999963657245, 3.634275627361553e-09], [0.7683632145376545, 0.23163678546234545]]]
[[[0.8280682420557042, 0.1719317579442958], [0.9999990168002421, 9.831997578721827e-07]], [[0.5200510009952622, 0.4799489990047377], [0.9999967542741548, 3.2457258451495985e-06]]]
[[[0.9999999807932112, 1.9206788736389877e-08], [0.8084608218114965, 0.19153917818850352]], [[1.0, 2.0844779369989903e-21], [0.00044021482341284417, 0.9995597851765872]]]
[[[0.9981254842053868, 0.0018745157946130732], [0.39069514085924045, 0.6093048591407596]], [[0.9999999999998573, 1.426553747067175e-13, 6.828097992104299e-26], [0.41441113566846993, 0.43919164824860485, 0.14639721608292514]]]
[[[0.9315315487318635, 0.06846845126813653], [0.935119255787732, 0.06488074421226789]], [[0.5367759171900435, 0.4632240828099564], [0.9999999998771987, 1.2280125244681025e-10]]]
[[[0.02717653442393073, 0.4864117327875866, 0.4864117327884826], [0.9999999999998506, 1.45892066088617e-13, 3.545649609312786e-15]], [[4.353606305603437e-35, 1.0], [1.0, 0.0]]]
[[[0.9999999988921757, 1.107824289679584e-09], [0.6721322237648247, 0.32786777623517527]], [[0.8571435033209284, 0.1428564966790716], [1.0, 2.906841476806908e-169]]]
[[[0.8356603614420417, 0.16433963855795822], [0.9999984977872395, 1.5022127605447092e-06]], [[0.9999612096404235, 3.87903595764819e-05], [0.8218982105585164, 0.17810178944148358]]]
[[[0.8450525268967172, 0.15494747310328275], [0.9999968956881918, 3.104311808096187e-06]], [[0.8618118827972513, 0.13818811720274868], [0.9999712298577247, 2.877014227537193e-05]]]
[[[0.8724393052073259, 0.0, 0.0, 0.0, 0.12756069479267398], [0.999982733304619, 0.0, 0.0, 0.0, 1.726669538109774e-05]], [[1.0, 8.930972227918612e-42], [0.7142857148738346, 0.28571428512616537]]]
[[[0.9999993592518048, 6.407481951517175e-07], [0.6375472279214853, 0.36245277207851473]], [[0.39621772000866884, 0.6037822799913312], [0.9999999999535412, 4.645883694780684e-11]]]
[[[0.9333937187029951, 0.06660628129700495], [0.9332729121909753, 0.06672708780902478]], [[0.9999565149802294, 0.0, 4.3485019770519926e-05], [0.8514166709065345, 0.0, 0.14858332909346553]]]
[[[0.8202665309754643, 0.1797334690245357], [0.9999636322283729, 3.6367771627155244e-05]], [[0.9999606403809796, 3.935961902025415e-05], [0.8542353797263262, 0.14576462027367373]]]
[[[0.9999789951775124, 0.0, 2.100482248759547e-05], [0.8673856255341206, 0.0, 0.1326143744658794]], [[0.6392325450375642, 0.3607674549624358], [0.9999999925491999, 7.450800007833893e-09]]]
[[[0.9999999994987515, 5.012485049003326e-10], [0.7045138260905598, 0.2954861739094402]], [[0.7142857153438882, 0.2857142846561118], [1.0, 8.459779256223251e-38]]]
[[[1.0, 7.680223610955191e-43], [0.7142857148570007, 0.28571428514299935]], [[0.9999936837974361, 6.316202563885946e-06], [0.8451529726103381, 0.15484702738966194]]]
[[[0.7619652414962691, 0.238034758503731], [0.999999727109593, 2.728904069290086e-07]], [[0.9999993356188194, 6.643811807047448e-07], [0.8094031380250644, 0.19059686197493572]]]
[[[0.9999999866900346, 1.3309965420518907e-08], [0.7605428524637718, 0.23945714753622807]], [[0.867472017395788, 0.0, 0.13252798260421192], [0.9999900715730125, 0.0, 9.92842698754816e-06]]]
[[[0.8138180919978785, 0.18618190800212153], [0.9999997543600856, 2.4563991438755386e-07]], [[0.9999995400762519, 4.599237479971118e-07], [0.8559717394440216, 0.14402826055597842]]]
[[[0.4238506973940719, 0.0, 0.2880536126896141, 0.14404793615423966, 0.14404775376207432], [0.9999544299070816, 0.0, 4.0909934612281065e-05, 2.251513195715501e-06, 2.408645110328861e-06]], [[0.8653468850269548, 0.0, 0.1346531149730452], [0.8679686398753818, 0.0, 0.1320313601246182]]]
[[[0.5208786150158035, 0.47912138498419665], [0.9999999999446846, 5.531552773288665e-11]], [[0.9999985970949047, 1.4029050953380128e-06], [0.8386889543391951, 0.16131104566080492]]]
[[[0.9999845776837959, 1.5422316204009956e-05], [0.8556090621760769, 0.1443909378239231]], [[0.8424757398960481, 0.15752426010395187], [0.9999550342599197, 4.4965740080250976e-05]]]
[[[0.999945962002304, 5.403799769600682e-05], [0.8638318403914812, 0.13616815960851872]], [[0.6966836960446878, 0.3033163039553121], [0.9999999977536982, 2.2463018339376263e-09]]]
[[[0.8571447383206741, 0.14285526167932597], [1.0, 1.4081560989883694e-172]], [[0.8544818543673177, 0.1455181456326822], [0.9999916968375762, 8.303162423776424e-06]]]
[[[0.9340988274333586, 0.0659011725666414], [0.9325585926964767, 0.06744140730352333]], [[0.9999999999950847, 4.915269999184248e-12], [0.6297319685989459, 0.37026803140105413]]]
[[[0.00011992862977070934, 0.9998800713702293], [1.0, 1.534834693445101e-23]], [[1.0, 9.82892496281214e-69], [0.375, 0.625]]]
[[[0.9352192212107012, 0.06478077878929879], [0.931408582812342, 0.06859141718765809]], [[0.9999970289129071, 2.9710870930130777e-06], [0.7818818303079668, 0.21811816969203326]]]
[[[1.0, 1.5358642329772887e-21, 9.176760708029631e-22], [0.00010798858941017516, 0.33329733713686327, 0.6665946742737265]], [[0.5008528738091268, 0.24957354528838951, 0.24957358090248363], [0.9999999696970028, 2.164188373329518e-08, 8.66111354063166e-09]]]
[[[0.9999650422971245, 3.495770287565187e-05], [0.8183324305501801, 0.18166756944982]], [[0.19852707620501125, 0.8014729237949888], [0.9999999998174833, 1.8251674544811924e-10]]]
[[[1.0, 6.5817103734304336e-170], [0.8571434612380303, 0.14285653876196971]], [[0.851925035511075, 0.14807496448892493], [0.9999958231923112, 4.176807688784605e-06]]]
[[[0.9999842891584444, 1.571084155562582e-05], [0.85950073397787, 0.14049926602213006]], [[0.9999734769612623, 2.6523038737726314e-05], [0.8546413799643048, 0.14535862003569516]]]
[[[0.9999999566234683, 4.337653166980483e-08], [0.7732144809234646, 0.22678551907653546]], [[0.8243231772094075, 0.1756768227905925], [0.999997829398426, 2.170601573941647e-06]]]
[[[0.38511160552725654, 0.6148883944727435], [0.9999999888849952, 1.1115004803689653e-08]], [[0.851304891098752, 0.14869510890124804], [0.999995157251317, 4.842748682890678e-06]]]
[[[0.999999307705079, 6.922949209757551e-07], [0.5185002099295758, 0.48149979007042426]], [[0.9999999997899239, 2.100761254897899e-10], [0.6363689268242819, 0.363631073175718]]]
[[[1.0, 4.52333375098217e-23], [0.00011661877872983713, 0.9998833812212701]], [[0.01695210748260703, 0.983047892517393], [0.9999999999999998, 3.096197913185447e-16]]]
[[[0.999999999838589, 1.61411003880216e-10], [0.6202929760976877, 0.3797070239023123]], [[0.8589365122952426, 0.14106348770475746], [0.9999813474302375, 1.8652569762598552e-05]]]
[[[0.8496738403967463, 0.1503261596032537], [0.999990412106876, 9.587893124063685e-06]], [[0.8058133384315251, 0.1941866615684749], [0.9999996462415567, 3.537584433664213e-07]]]
[[[0.49320810708155666, 0.0, 0.5067918929184434], [0.9999696754139801, 0.0, 3.0324586019925863e-05]], [[0.004940602363120323, 0.4975296988184398, 0.4975296988184398], [1.0, 1.924941939129616e-18, 2.2269854152273278e-20]]]
[[[0.999996562426605, 3.4375733950129957e-06], [0.8493113253081819, 0.15068867469181815]], [[1.0, 6.42957952512653e-40], [0.7142857150106686, 0.28571428498933144]]]
[[[9.460391552729973e-06, 0.9999905396084473], [0.9999999999999954, 4.539907745782097e-15]], [[0.9999998664663354, 1.3353366465452693e-07], [0.5445313579968667, 0.4554686420031333]]]
[[[0.8622341727087611, 0.1377658272912389], [0.9999693957514942, 3.060424850577313e-05]], [[8.528791297112458e-23, 1.0], [1.0, 0.0]]]
[[[0.8588512115100297, 0.14114878848997028], [0.9999615243195756, 3.8475680424455935e-05]], [[0.8573816084424293, 0.1426183915575708], [0.9999999326982281, 6.730177186500278e-08]]]
[[[0.999999985713496, 1.4286503981562488e-08], [0.7167863407645733, 0.28321365923542674]], [[0.8394853026959943, 0.16051469730400564], [0.9999468577471061, 5.3142252893988445e-05]]]
[[[0.734552555738904, 0.265447444261096], [0.9999999696959715, 3.030402852287854e-08]], [[0.999971906243538, 2.8093756461929507e-05], [0.8583655739241128, 0.14163442607588714]]]
[[[0.9999999998572403, 1.4275972104208886e-10], [0.8662960227833469, 0.13370397721665303]], [[0.9999721603589492, 2.7839641050789572e-05], [0.8650865584186656, 0.13491344158133442]]]
[[[0.8573156861312736, 0.14268431386872632], [0.9999608332127624, 3.916678723764296e-05]], [[0.9999999983030197, 1.6969802928587737e-09], [0.6115476266025432, 0.38845237339745664]]]
[[[0.8346219121072834, 0.16537808789271657], [0.9999502429810363, 4.9757018963800255e-05]], [[0.9999535614085155, 0.0, 4.6438591484319915e-05], [0.837891329908976, 0.0, 0.16210867009102395]]]
[[[0.8228328826368674, 0.1771671173631325], [0.999999773265936, 2.2673406402026163e-07]], [[0.8339246381127028, 0.16607536188729716], [0.9999986867682708, 1.3132317293301478e-06]]]
[[[0.9999997818469244, 2.181530756107039e-07], [0.7229224153866054, 0.2770775846133946]], [[0.9999991427468679, 8.572531320966572e-07], [0.8142803663080617, 0.1857196336919383]]]
[[[1.0, 3.506473172189804e-173], [0.8571449610262634, 0.1428550389737366]], [[1.0, 3.609395047514824e-43], [0.6243441742311497, 0.3756558257688503]]]
[[[0.8654070968449002, 0.09212994698454612, 0.042462956170553685], [0.8677827585228027, 0.04410391603372458, 0.08811332544347263]], [[0.9999717093256277, 0.0, 2.8290674372352708e-05], [0.8151347015386671, 0.0, 0.18486529846133298]]]
[[[0.9999999999995525, 4.4751464094319825e-13], [0.11013282483947903, 0.889867175160521]], [[0.7045917242094513, 0.0, 0.0, 0.29540827579054874], [0.9999994018698468, 0.0, 0.0, 5.981301531543378e-07]]]
[[[0.7909842236141181, 0.2090157763858818], [0.9999999296997758, 7.030022412424234e-08]], [[0.9350511184131961, 0.06494888158680388], [0.9315868005903138, 0.06841319940968606]]]
[[[1.0, 4.636213134618429e-94], [0.8571429499431535, 0.14285705005684643]], [[0.999999999993316, 6.68401537154193e-12], [9.149162892750803e-06, 0.9999908508371073]]]
[[[0.9999999187442686, 0.0, 8.125573140787985e-08], [0.5169252273229068, 0.0, 0.4830747726770933]], [[0.548380887688146, 0.451619112311854], [0.9999999998270551, 1.729449020678923e-10]]]
[[[0.8608937727503487, 0.13910622724965124], [0.9999652257750976, 3.477422490235577e-05]], [[0.8626446795385734, 0.13735532046142662], [0.9999589235150073, 4.107648499277304e-05]]]
[[[0.7142857150095755, 0.28571428499042456], [1.0, 1.2997937270517887e-39]], [[0.9999973626129771, 2.6373870229571545e-06], [0.3093668175135011, 0.690633182486499]]]
[[[0.9999999999774313, 2.2568723369733945e-11], [0.2413615889428449, 0.758638411057155]], [[0.7714833743823609, 0.22851662561763916], [0.9999998560692982, 1.439307017053627e-07]]]
[[[0.8636177849693707, 0.13638221503062936], [0.9999628875112307, 3.711248876926923e-05]], [[0.7878256954780274, 0.21217430452197256], [0.9999982702154068, 1.729784593212959e-06]]]
[[[0.8590854513586554, 0.1409145486413446], [0.9999990756844895, 9.243155104021026e-07]], [[0.8286475717733076, 0.17135242822669244], [0.9999555669719437, 4.443302805637412e-05]]]
[[[0.8287482033059858, 0.17125179669401427], [0.9999999674887441, 3.251125587694914e-08]], [[0.9999999998608814, 1.3911853427218394e-10], [0.6363689610827843, 0.36363103891721565]]]
[[[0.85706455461847, 0.14293544538152997], [0.9999629887069491, 3.7011293050824366e-05]], [[0.9999999330546853, 6.694531479623284e-08], [0.8089327994121901, 0.19106720058780993]]]
[[[1.0, 2.5746255970031718e-62], [0.375, 0.625]], [[0.00012340661560262636, 0.3332921977947991, 0.0, 0.6665843955895983], [1.0, 9.555104622550377e-19, 0.0, 9.714435411399659e-18]]]
[[[0.9999999648520673, 3.514793267716302e-08], [0.6093385500300024, 0.39066144996999763]], [[0.8239332243148288, 0.0, 0.17606677568517118], [0.9999596808528007, 0.0, 4.0319147199377936e-05]]]
[[[0.7987527222726366, 0.20124727772736334], [0.9999999310038874, 6.899611253232409e-08]], [[0.8571433291825961, 0.14285667081740394], [1.0, 3.139100143354739e-73]]]
[[[0.8710295727450602, 0.0, 0.0, 0.12897042725493987], [0.9999933553693712, 0.0, 0.0, 6.6446306288255255e-06]], [[0.8423127591985575, 0.15768724080144247], [0.999951937058812, 4.806294118793035e-05]]]
[[[0.8399879244154677, 0.16001207558453226], [0.9999977525712413, 2.247428758642223e-06]], [[0.00014837443230106043, 0.6665677503784659, 0.0, 0.33328387518923297], [1.0, 1.7487975676783982e-23, 0.0, 4.6904105683563874e-24]]]
[[[1.0, 1.7812517996369972e-22], [0.0002413886661253473, 0.9997586113338746]], [[0.6227838948473927, 0.18860776252017292, 0.0, 0.1886083426324345], [0.9999990803152013, 6.184181106053723e-07, 0.0, 3.012666879917963e-07]]]
[[[0.9999999998906808, 1.090091120968141e-10, 0.0, 3.1012765292058453e-13], [1.0191069004032207e-05, 0.7499923566239438, 0.0, 0.24999745230705225]], [[1.0, 3.1450000230078507e-39], [0.7142857151943561, 0.28571428480564387]]]
[[[0.9999508166692932, 4.918333070670485e-05], [0.8420986543567743, 0.1579013456432257]], [[0.8571440601370898, 0.14285593986291023], [1.0, 2.2908258166191144e-169]]]
[[[0.999999886425815, 1.1357418504284379e-07], [0.7553285420460419, 0.244671457953958]], [[0.999998937980133, 1.0620198669358414e-06], [0.8411828388794953, 0.15881716112050467]]]
[[[0.9999977976011487, 2.2023988512254823e-06], [0.8400025860317731, 0.1599974139682268]], [[1.0, 0.0], [1.8517876780581498e-24, 1.0]]]
[[[0.4144944073019948, 0.4391291945235011, 0.146376398174504], [0.9999999999999909, 9.216148030087483e-15, 1.1130382309094295e-28]], [[1.0, 0.0, 1.4421186630263833e-20], [0.00012001068585408258, 0.0, 0.9998799893141459]]]
[[[0.7787181094238669, 0.2212818905761331], [0.9999975394245092, 2.4605754907753604e-06]], [[0.2935570040815098, 0.7064429959184901], [0.9999999999931533, 6.846754776183973e-12]]]
[[[1.0, 6.823432033183466e-41], [0.7142857148385504, 0.2857142851614496]], [[0.8571466035483329, 0.1428533964516671], [1.0, 5.203453981421824e-171]]]
[[[0.9999999999818195, 1.8180381095589517e-11], [0.7191993603296112, 0.28080063967038876]], [[0.9999871440779416, 1.2855922058304627e-05], [0.8327963593055703, 0.16720364069442978]]]
[[[0.8535956832488351, 0.14640431675116491], [0.9999829287686438, 1.7071231356135787e-05]], [[0.9999999998935526, 1.0644744933143169e-10], [0.39373053288547055, 0.6062694671145294]]]
[[[0.8630978255376159, 0.13690217446238404], [0.9999697137409589, 3.0286259041127688e-05]], [[1.0, 1.105202366426797e-68], [0.8571437689613702, 0.14285623103862977]]]
[[[0.8183388886131325, 0.18166111138686752], [0.99999865706921, 1.3429307899887478e-06]], [[0.9999992798968044, 7.201031956708113e-07], [0.8465893417973203, 0.15341065820267977]]]
[[[0.00012271762830578926, 0.3332924274572314, 0.6665848549144628], [1.0, 2.5199024779050975e-20, 8.959157381135998e-20]], [[0.0494948954546028, 0.0, 0.9505051045453972], [0.9999999999987168, 0.0, 1.2832717617354198e-12]]]
[[[0.8441404079620224, 0.15585959203797767], [0.9999531586975902, 4.68413024097657e-05]], [[0.5436048244554389, 0.456395175544561], [0.9999999999995326, 4.674246540815181e-13]]]
[[[0.9999997546486923, 2.4535130775954994e-07], [0.8288908169056713, 0.17110918309432865]], [[0.9999812403007424, 1.8759699257646582e-05], [0.8606983802364745, 0.1393016197635255]]]
[[[0.9332569055825026, 0.06674309441749744], [0.9334096478195328, 0.06659035218046709]], [[0.9999998794425078, 1.2055749231401295e-07], [0.842800984679745, 0.15719901532025501]]]
[[[0.8571429363226188, 0.14285706367738116], [1.0, 3.033764323295068e-72]], [[0.8019350781293858, 0.1980649218706143], [0.999999937758769, 6.224123098569187e-08]]]
[[[0.2566025453687326, 0.7433974546312674], [0.9999999999811663, 1.8833616772006678e-11]], [[0.6363691037099488, 0.36363089629005124], [0.9999999999698296, 3.017044894925028e-11]]]
[[[0.8606601212932111, 0.13933987870678888], [0.9999667084905502, 3.3291509449672074e-05]], [[0.999981807811512, 1.8192188488027735e-05], [0.8102123005248605, 0.18978769947513957]]]
[[[0.8290822982447549, 0.17091770175524512], [0.9999537090126446, 4.629098735538137e-05]], [[0.8259010439045611, 0.17409895609543888], [0.9999992677731309, 7.322268691713598e-07]]]
[[[0.999971956857635, 0.0, 2.8043142365076727e-05], [0.8645231082548863, 0.0, 0.13547689174511374]], [[0.5793133571681252, 0.42068664283187485], [0.9999999999896166, 1.0383359493837417e-11]]]
[[[0.6546279771664189, 0.3453720228335171, 6.410348069847551e-14], [0.8416146306978038, 5.9999278102156755e-12, 0.15838536929619623]], [[1.0, 3.2793484651138106e-19, 2.269568938257889e-20], [0.0018982624301365544, 0.49905086878493166, 0.49905086878493166]]]
[[[7.882227230905672e-06, 0.7499940883295733, 0.24999802944319596], [0.9999999999999946, 5.502474605551566e-15, 3.7804374077840116e-17]], [[1.0, 2.2785733324688956e-19, 3.5798083048872496e-19], [0.00011334060407196654, 0.666591106263952, 0.333295553131976]]]
[[[0.9999426417667179, 5.73582332820466e-05], [0.8622463480061597, 0.13775365199384024]], [[0.8651714367876484, 0.0, 0.13482856321235162], [0.9999629917611761, 0.0, 3.700823882384703e-05]]]
[[[0.9999999999852063, 1.4793704846255825e-11], [0.6363689391784841, 0.36363106082151586]], [[0.9999999998878456, 1.1215431863736476e-10], [0.6363690646382608, 0.36363093536173924]]]
[[[0.7966715468960169, 0.2033284531039831], [0.9999999945129724, 5.48702761767525e-09]], [[0.7479070588892109, 0.2520929411107891], [0.9999999928523233, 7.147676676276762e-09]]]
[[[0.9999957388348932, 4.261165106707205e-06], [0.8470321421864615, 0.15296785781353844]], [[0.9999999999911445, 8.855501888400796e-12], [0.06762753055401553, 0.9323724694459844]]]
[[[0.9339694783319116, 0.06603052166808838], [0.9326928150061998, 0.06730718499380026]], [[6.810897003723338e-30, 1.0], [1.0, 0.0]]]
[[[0.9999999997629418, 2.3705814300378877e-10], [0.6145206224853696, 0.38547937751463035]], [[6.102825425544389e-28, 1.0], [1.0, 0.0]]]
[[[8.629194368929499e-06, 0.7499935281042196, 0.24999784270141143], [0.9999999999999942, 5.722058819603049e-15, 1.389562250286332e-16]], [[0.9999999998141464, 1.8585352260634553e-10], [0.6363685951240401, 0.36363140487595985]]]
[[[0.999999932821177, 6.717882304999248e-08], [0.7954128537997628, 0.20458714620023713]], [[1.0, 2.0695162888727902e-32], [0.7142857183538126, 0.28571428164618745]]]
[[[0.0001193499913945834, 0.9998806500086054], [1.0, 6.7604203901939055e-21]], [[0.14205773079364264, 0.8579422692063574], [0.9999999999857615, 1.4238464162164522e-11]]]
[[[0.9999988011744604, 1.1988255395209556e-06, 1.3131763070563367e-66], [0.6363680574157753, 0.24242096811060362, 0.12121097447362114]], [[0.9999999736808459, 0.0, 2.6319154150589496e-08], [0.8249403855652705, 0.0, 0.17505961443472953]]]
[[[0.9999690570623544, 0.0, 3.094293764559143e-05], [0.8502854257837704, 0.0, 0.14971457421622958]], [[0.9999994933785921, 5.066214080287325e-07], [0.7361366132383498, 0.2638633867616502]]]
[[[0.8506307311260591, 0.1493692688739409], [0.9999607178723005, 3.9282127699613275e-05]], [[0.8495971809122466, 0.0, 0.15040281908775338], [0.9999547631256007, 0.0, 4.523687439915843e-05]]]
[[[0.9999964233524848, 8.472125849945199e-08, 0.0, 3.4919262567492654e-06], [0.8106740068025164, 0.09466371203719795, 0.0, 0.09466228116028573]], [[0.00010989285052656047, 0.6665934047663156, 0.0, 0.3332967023831578], [1.0, 4.2942002333325126e-23, 0.0, 3.081203954370812e-22]]]
[[[1.0, 0.0, 8.380436600159341e-20], [0.020312157772835692, 0.0, 0.9796878422271643]], [[0.001736075716206734, 0.0, 0.9982639242837932], [1.0, 0.0, 1.5645125469221066e-19]]]
[[[0.654626032942248, 0.34537396705775103, 0.0, 1.0570769558224251e-15], [0.8416158573414616, 1.6426335149069623e-12, 0.0, 0.15838414265689574]], [[0.011489388744923675, 0.4942553056275408, 0.0, 0.0, 0.0, 0.0, 0.4942553056275355], [0.9999999999999967, 1.2236738316059724e-15, 0.0, 0.0, 0.0, 0.0, 2.028415372842305e-15]]]
[[[0.0005484742573760573, 0.0, 0.5520106789318672, 0.0, 0.44744084681075674], [0.8616306982437134, 0.0, 0.1383693017562865, 0.0, 7.825163182700405e-19]], [[0.9999999895331764, 0.0, 1.0466823584270759e-08], [0.4284833008579631, 0.0, 0.5715166991420368]]]
[[[0.6910433590970633, 0.3089566409029368], [0.9999999872327394, 1.2767260636242283e-08]], [[0.6911007696772057, 0.3088992303227943], [0.9999997042234128, 2.9577658716407687e-07]]]
[[[0.9999999999898105, 1.0189587574721836e-11], [0.8666526032663736, 0.13334739673362633]], [[4.811224776541271e-39, 1.0], [1.0, 0.0]]]
[[[0.93503800073987, 0.06496199926013005], [0.9315790867122915, 0.06842091328770851]], [[0.3248328027566308, 0.6751671972433693], [0.9999999999652959, 3.4704153267492717e-11]]]
[[[0.5714285715264555, 0.4285714284735444], [1.0, 1.8329915636432025e-44]], [[0.9999999999999977, 2.3161269787253004e-15], [0.5591132135673541, 0.4408867864326458]]]
[[[0.9999893660594485, 1.0633940551454169e-05], [0.8517506665702625, 0.14824933342973742]], [[0.8174992227595177, 0.1825007772404823], [0.9999999316240921, 6.837590780513087e-08]]]
[[[0.8614362778792811, 0.13856372212071896], [0.9999787043757996, 2.1295624200473802e-05]], [[1.1878456721755954e-24, 1.0], [1.0, 0.0]]]
[[[0.8599866986672662, 0.14001330133273385], [0.9999843439939436, 1.5656006056351022e-05]], [[0.9999999999950713, 4.928798924963259e-12], [0.31919018313649244, 0.6808098168635075]]]
[[[0.7797095058849565, 0.22029049411504353], [0.9999999475088275, 5.2491172509538624e-08]], [[0.9999999999771141, 2.288590945636707e-11], [0.522173759647703, 0.4778262403522971]]]
[[[0.9999726570909768, 2.7342909023270634e-05], [0.8646050530180617, 0.1353949469819383]], [[0.9999999920352148, 7.96478513482419e-09], [0.7796340703188289, 0.22036592968117108]]]
[[[0.01334092466805804, 0.986659075331942], [1.0, 2.0546814004060706e-17]], [[0.9314028251127293, 0.0685971748872707], [0.9352170179367897, 0.0647829820632102]]]
[[[0.9999999996097453, 3.902546941494855e-10], [0.7844350645061442, 0.21556493549385594]], [[0.8614271193889758, 0.13857288061102419], [0.9999678811141208, 3.211888587917831e-05]]]
[[[0.9999998941604844, 1.0583951567235824e-07], [0.7971619817049174, 0.2028380182950826]], [[0.862589471499437, 0.13741052850056298], [0.9999678994849331, 3.2100515066922064e-05]]]
[[[0.8037810472520274, 0.19621895274797266], [0.9999995389311263, 4.6106887381944363e-07]], [[0.9999993569574628, 6.430425373124217e-07], [0.7994795055997714, 0.20052049440022868]]]
[[[0.9999999501490163, 4.985098378082164e-08], [0.7803430927342186, 0.21965690726578144]], [[0.9999858024782795, 1.4197521720485788e-05], [0.8105975398468453, 0.1894024601531546]]]
[[[1.0, 0.0], [7.613189574864167e-29, 1.0]], [[0.933877259536216, 0.06612274046378401], [0.9327844820504951, 0.06721551794950488]]]
[[[0.8666618347031053, 0.13333816529689466], [0.9999999999999913, 8.649370866946606e-15]], [[0.9999895470967208, 1.0452903279222557e-05], [0.8594608682546161, 0.14053913174538393]]]
[[[0.8562086302117081, 0.0, 0.14379136978829185], [0.999999185596298, 0.0, 8.144037019513404e-07]], [[0.9999980571332382, 1.9428667618406193e-06], [0.8393974447673104, 0.1606025552326896]]]
[[[0.65739012045209, 0.34260987954791006], [0.9999999989283013, 1.0716987620243905e-09]], [[0.00019755901508687908, 0.9998024409849131], [1.0, 6.033542615460677e-19]]]
[[[0.9999999628692444, 3.7130755608237546e-08], [0.792873607187166, 0.20712639281283393]], [[0.15475646952042452, 0.0, 0.8452435304795755], [0.9999999999822914, 0.0, 1.7708607669176633e-11]]]
[[[0.9999989906785329, 1.0093214670807672e-06], [0.8408812106306278, 0.15911878936937224]], [[1.0, 1.0190221694108786e-42], [0.7142857142942123, 0.2857142857057877]]]
[[[0.9999983010918635, 1.6989081365346269e-06], [0.03639813539820009, 0.9636018646017999]], [[0.7544549904236632, 0.2455450095763368], [0.9999998933023122, 1.0669768782174609e-07]]]
[[[0.9999999999819965, 0.0, 1.8003433957399198e-11], [0.20388576199141878, 0.0, 0.7961142380085812]], [[0.9999989583296248, 1.0416703751090615e-06], [0.8344778608915229, 0.1655221391084771]]]
[[[0.9999999569510973, 4.3048902687308956e-08], [0.8585448066383701, 0.1414551933616299]], [[0.9999999996951463, 3.0485369092252666e-10], [0.5660088708029675, 0.4339911291970325]]]
[[[0.8592946035507446, 0.1407053964492554], [0.9999738165015442, 2.618349845586489e-05]], [[0.9999999592017444, 4.0798255447181804e-08], [0.7432310967717803, 0.2567689032282197]]]
[[[0.9999999957881001, 4.2118998374534935e-09], [0.716336220004245, 0.2836637799957549]], [[0.717868893778725, 0.2821311062212751], [0.9999999871520204, 1.2847979477281839e-08]]]
[[[1.0, 0.0], [2.1045950788686018e-26, 1.0]], [[0.9999999999532826, 4.671729944659254e-11], [0.8663560036252594, 0.13364399637474061]]]
[[[0.7196325935225628, 0.2803674064774372], [0.9999999785506154, 2.144938466806269e-08]], [[0.47346776303739346, 0.5265322369626065], [0.9999999999760182, 2.398184932464307e-11]]]
[[[0.6704073367563371, 0.3295926632436629], [0.9999999863714588, 1.3628541152752454e-08]], [[1.0, 4.168364436072569e-20], [0.5591238493520821, 0.44087615064791785]]]
[[[0.9999999987819022, 1.2180978013450657e-09], [0.30856752728851533, 0.6914324727114847]], [[1.0, 0.0], [5.630259318812165e-27, 1.0]]]
[[[0.8559499464293715, 0.1440500535706285], [0.9999943400649614, 5.659935038707754e-06]], [[0.8571594931572866, 0.1428405068427134], [1.0, 2.655300705288679e-38]]]
[[[1.0, 2.940693939731549e-17], [0.8571287387446295, 0.14287126125537053]], [[0.8345625775661378, 0.16543742243386217], [0.9999997422163591, 2.577836407680939e-07]]]
[[[0.8469253647902271, 0.1530746352097729], [0.9999530412680945, 4.6958731905451684e-05]], [[0.9999801116172717, 1.9888382728246244e-05], [0.8130383480522978, 0.18696165194770228]]]
[[[0.9999999999928862, 7.113715511572954e-12], [0.2933334404010602, 0.7066665595989399]], [[0.9999999300197363, 6.998026372569804e-08], [0.7406119474498205, 0.25938805255017944]]]
[[[0.8519262900517881, 0.1480737099482119], [0.9999585861370929, 4.141386290724417e-05]], [[0.9999999999731253, 2.687473373687188e-11], [0.22179039037956058, 0.7782096096204393]]]
[[[0.999999885521756, 1.1447824404053463e-07], [0.7859390197585593, 0.21406098024144066]], [[0.9332089850318833, 0.06679101496811675], [0.9334576605495611, 0.06654233945043896]]]
[[[0.5591187822172073, 0.4408812177827927], [1.0, 1.179112037764934e-18]], [[0.6363686095897373, 0.3636313904102627], [0.9999999998576726, 1.423273953548171e-10]]]
[[[0.533691189782956, 0.38294609047677813, 0.08336271974026588], [0.5330339753797846, 0.4142661211227585, 0.0526999034974569]], [[0.00020106052174263244, 0.9997989394782574], [1.0, 1.1279186242034056e-22]]]
[[[0.0001223047158358817, 0.6665851301894427, 0.3332925650947213], [1.0, 3.417532016592094e-24, 1.1661630118409016e-22]], [[0.9999999999999999, 1.1878551389883724e-16], [0.029715061102877447, 0.9702849388971226]]]
[[[0.8690149642410727, 0.13098503575892728], [0.8642910458598921, 0.13570895414010786]], [[0.00012966671246357966, 0.4999351666437682, 0.4999351666437682], [0.9999999999999992, 4.0577574793855833e-16, 4.820703543299804e-16]]]
[[[0.9999999918285966, 8.171403346224368e-09], [0.7333225598029984, 0.2666774401970015]], [[0.9999957375674353, 4.262432564530025e-06], [0.8447676138809272, 0.15523238611907275]]]
[[[0.7523694500027489, 0.24763054999725104], [0.9999998732733312, 1.2672666882794896e-07]], [[0.8552287719506451, 0.1447712280493549], [0.9999949939862512, 5.0060137488345345e-06]]]
[[[0.9999989721009326, 1.0278990675427019e-06], [0.8511201282989779, 0.14887987170102213]], [[0.8162644825187915, 0.18373551748120853], [0.9999998706578761, 1.2934212387836604e-07]]]
[[[0.9310108226068314, 0.06898917739316855], [0.9355626494244884, 0.06443735057551152]], [[0.8147942969486897, 0.18520570305131034], [0.9999999861959303, 1.3804069568457282e-08]]]
[[[0.9999999953538439, 4.6461561869453694e-09], [0.6007507448439248, 0.39924925515607534]], [[0.6885443393617963, 0.3114556606382037], [0.9999999977023802, 2.2976197345904827e-09]]]
[[[0.9999997492053149, 2.5079468510672185e-07], [0.7882408242743265, 0.21175917572567343]], [[1.0, 2.0114571853338963e-170], [0.8571431839137987, 0.14285681608620127]]]
[[[0.9999718215727552, 2.817842724469513e-05], [0.8643108356446959, 0.13568916435530412]], [[0.813523740729534, 0.18647625927046588], [0.999999752876114, 2.47123885953187e-07]]]
[[[0.9999942256171208, 5.77438287923268e-06], [0.8358290788824869, 0.164170921117513]], [[0.8021686086376972, 0.19783139136230285], [0.9999998304668867, 1.6953311330506117e-07]]]
[[[0.9322712993827609, 0.06772870061723905], [0.934379356849313, 0.06562064315068702]], [[0.8557981148037446, 0.1442018851962555], [0.9999908155384275, 9.184461572401157e-06]]]
[[[0.9999974560271396, 2.5439728604598922e-06], [0.03178165308008933, 0.9682183469199106]], [[0.9999999966509346, 3.3490652809441724e-09], [0.745285955169223, 0.254714044830777]]]
[[[1.0, 5.329685146538e-92], [0.857142894576673, 0.1428571054233269]], [[0.9999999510806153, 4.8919384574187435e-08], [0.8103202183704813, 0.18967978162951876]]]
[[[0.8419731257976251, 0.158026874202375], [0.9999976079792305, 2.3920207695572833e-06]], [[0.9999599748395275, 4.0025160472538866e-05], [0.8579135765569198, 0.1420864234430802]]]
[[[0.9999925705360843, 7.429463915867102e-06], [0.8531155725692037, 0.14688442743079638]], [[0.8776807108090541, 0.0, 0.0, 0.12231928919094597], [0.9999823442792489, 0.0, 0.0, 1.7655720751035013e-05]]]
[[[0.999954176818886, 4.5823181113969306e-05], [0.8261875219924422, 0.17381247800755784]], [[0.9999588752533562, 4.112474664363363e-05], [0.8568650235218906, 0.14313497647810935]]]
[[[0.9999664990622072, 3.350093779277075e-05], [0.8592835191167468, 0.14071648088325314]], [[0.999999996524079, 3.47592111669956e-09], [0.4075264321266964, 0.5924735678733036]]]
[[[0.8387663099066254, 0.16123369009337468], [0.9999968751041793, 3.1248958206902107e-06]], [[0.9999910201203643, 8.979879635603667e-06], [0.8504921261083981, 0.1495078738916019]]]
[[[0.9988824945821525, 0.0011175054178474892, 2.653446405191155e-40], [0.51956381130816, 0.2880637837680028, 0.19237240492383723]], [[0.9999968457632294, 3.140642542151647e-06, 1.3594228363488426e-08], [0.2542476335044055, 0.6392160527868982, 0.1065363137086964]]]
[[[0.8418255027752023, 0.1581744972247977], [0.9999540142965655, 4.5985703434520296e-05]], [[0.9999999775985914, 2.240140857022328e-08], [0.6939439300349242, 0.3060560699650757]]]
[[[0.9999998467887029, 1.5321129701275428e-07], [0.7897823460133908, 0.21021765398660905]], [[0.9999993791078305, 6.208921694346942e-07], [0.6835763821183571, 0.31642361788164286]]]
[[[1.0, 1.9427652603173217e-23], [0.0001328033839522818, 0.9998671966160476]], [[0.9999977758088513, 2.2241911487758105e-06], [0.8404032848495975, 0.15959671515040252]]]
[[[1.284854753427804e-23, 1.0], [1.0, 2.7636144712652786e-195]], [[0.9999999999878114, 1.2188690332634542e-11], [0.6354832677174882, 0.36451673228251175]]]
[[[0.9999555684591876, 4.44315408122527e-05], [0.8266873871673068, 0.1733126128326931]], [[0.9999999743436735, 2.565632643766697e-08], [0.7978500114207133, 0.20214998857928662]]]
[[[0.9999663529642228, 3.3647035777203504e-05], [0.8601305709597856, 0.1398694290402144]], [[0.8447348746371451, 0.15526512536285497], [0.9999983429782922, 1.6570217078452644e-06]]]
[[[0.999999999975461, 2.4539020984540567e-11], [0.2722777320292095, 0.7277222679707905]], [[0.9999999652008495, 3.479915039389485e-08], [0.7369001911474443, 0.26309980885255563]]]
[[[0.8571438329084015, 0.1428561670915985], [1.0, 7.195036959883354e-169]], [[0.9999998753978332, 1.2460216679110316e-07], [0.816544140806837, 0.18345585919316298]]]
[[[0.9999999991177863, 8.822138452667494e-10], [0.6417772480348545, 0.3582227519651456]], [[0.7325313385647075, 0.2674686614352925], [0.9999999997597423, 2.4025774193359064e-10]]]
[[[0.999997792667785, 2.207332214913298e-06], [0.854621616036274, 0.14537838396372607]], [[0.9999999999782897, 2.1710236497205525e-11], [0.5604620403717968, 0.43953795962820325]]]
[[[0.8611850588784149, 0.13881494112158513], [0.999966151575284, 3.3848424715994665e-05]], [[0.9999553802506708, 4.461974932914252e-05], [0.8301076925085226, 0.16989230749147735]]]
[[[0.8093606428871856, 0.19063935711281446], [0.9999997777733566, 2.222266435290986e-07]], [[0.9999999946473164, 5.352683659159897e-09], [0.7424649633913517, 0.25753503660864824]]]
[[[1.0, 0.0], [1.0367754902219515e-37, 1.0]], [[0.9999999991393441, 8.606559730947834e-10], [0.7850459508382276, 0.21495404916177255]]]
[[[0.3498795278402073, 0.6501204721597927], [0.9999999985295872, 1.4704127897647258e-09]], [[0.8571444586259207, 0.14285554137407933], [1.0, 2.745251403840788e-171]]]
[[[1.0, 0.0], [1.1918729632589793e-23, 1.0]], [[0.999967704940248, 3.2295059751930476e-05], [0.860726700577069, 0.13927329942293107]]]
[[[0.9999998280760453, 1.7192395472811285e-07], [0.7892255109177139, 0.21077448908228605]], [[0.8571427888253763, 0.14285721117462374], [1.0, 3.158891171827121e-121]]]
[[[0.853704698496903, 0.0, 0.0, 0.146295301503097], [0.9999575411405334, 0.0, 0.0, 4.245885946654695e-05]], [[0.8664967632494192, 0.13350323675058082], [0.9999999973636965, 2.6363035231361135e-09]]]
[[[0.8625633454441505, 0.13743665455584955], [0.9999664945180857, 3.350548191426728e-05]], [[0.9999893976036821, 0.0, 1.0602396317815352e-05], [0.8768997872857327, 0.0, 0.12310021271426733]]]
[[[0.9999999966848631, 3.315137007353096e-09], [0.6551603878343015, 0.3448396121656984]], [[0.9999997398311467, 0.0, 2.6016885340428385e-07], [0.704693773554235, 0.0, 0.295306226445765]]]
[[[0.8620238221286259, 0.137976177871374], [0.9999647631059975, 3.5236894002539796e-05]], [[0.8058696504551138, 0.19413034954488617], [0.9999999389095885, 6.109041153460795e-08]]]
[[[0.9999876824715747, 1.2317528425360822e-05], [0.8593407354592645, 0.1406592645407355]], [[0.7937575184356889, 0.20624248156431108], [0.9999999522285898, 4.7771410198595996e-08]]]
[[[0.8618277654576314, 0.13817223454236857], [0.9999754489760447, 2.4551023955251586e-05]], [[0.8612160108846407, 0.1387839891153593], [0.9999800515875021, 1.994841249779841e-05]]]
[[[0.6462991083566165, 0.3537008916433835], [0.9999999996859328, 3.140672271799482e-10]], [[0.9999985123668894, 1.4876331105828828e-06], [0.8521463887458665, 0.14785361125413354]]]
[[[0.8415863843049701, 0.15841361569502996], [0.9999989894579855, 1.010542014464848e-06]], [[0.999994030293474, 5.969706525945795e-06], [0.8532028422682323, 0.1467971577317677]]]
[[[0.8632533494596899, 0.13674665054031016], [0.9999690885752237, 3.091142477623437e-05]], [[0.9999999999962526, 3.747475508658942e-12], [0.3428404830736676, 0.6571595169263323]]]
[[[0.6082135078015184, 0.3917864921984816], [0.9999996254382905, 3.745617095955872e-07]], [[0.8564541812207388, 0.14354581877926118], [0.9999943292320777, 5.670767922300117e-06]]]
[[[0.8547849730651951, 0.14521502693480487], [0.9999999998319318, 1.6806824596232733e-10]], [[0.8462099438782, 0.1537900561218], [0.9999964116809149, 3.5883190850818493e-06]]]
[[[0.9999998152711768, 1.847288232013063e-07], [0.8219240403157011, 0.17807595968429893]], [[0.850273215980226, 0.14972678401977396], [0.9999978066744029, 2.1933255971970426e-06]]]
[[[0.9350551744592973, 0.06494482554070276], [0.9315906686853623, 0.06840933131463763]], [[0.9999999999988548, 1.1452010278587873e-12], [0.8666075265334907, 0.13339247346650926]]]
[[[0.8582894927704349, 0.14171050722956516], [0.9999676234108791, 3.2376589120876786e-05]], [[0.857144661377713, 0.1428553386222871], [1.0, 2.79198009540021e-174]]]
[[[0.9999882556460933, 0.0, 0.0, 1.1744353906782877e-05], [0.8772518658395052, 0.0, 0.0, 0.12274813416049482]], [[0.9999535137525258, 4.6486247474241446e-05], [0.8470987975649243, 0.15290120243507557]]]
[[[5.586221842548471e-32, 1.0], [1.0, 0.0]], [[0.9999999999950855, 4.914537783870089e-12], [0.14571669449954433, 0.8542833055004557]]]
[[[0.8371645909728458, 0.1628354090271542], [0.9999987420314487, 1.2579685511860963e-06]], [[0.9999998007961111, 1.9920388888197777e-07], [0.7913063424845297, 0.20869365751547025]]]
[[[0.8529167091439162, 0.14708329085608376], [0.9999596962268951, 4.03037731049653e-05]], [[0.759731704297113, 0.24026829570288707], [0.9999998705699931, 1.2943000698335063e-07]]]
[[[0.855387268930281, 0.14461273106971903], [0.9999870522716864, 1.2947728313601805e-05]], [[0.8510800501255152, 0.14891994987448479], [0.9999570571952481, 4.294280475194457e-05]]]
[[[0.7516050254050123, 0.24839497459498763], [0.9999999683320656, 3.1667934402637636e-08]], [[0.4559731746221448, 0.5440268253778552], [0.9999999999207058, 7.92942755717163e-11]]]
[[[0.9999764770588597, 2.3522941140265854e-05], [0.499070040872757, 0.5009299591272429]], [[0.3392221968069934, 0.4261844948409995, 0.0, 0.234593308352007], [0.9433772697716305, 0.05662273022832399, 0.0, 4.556033945591079e-14]]]
[[[1.0, 9.228866174139868e-23, 1.219535655404634e-24], [0.00013839010363764982, 0.33328720329878747, 0.6665744065975749]], [[0.9999990606860255, 9.393139744742397e-07, 3.781059287476786e-68], [0.6363683821538789, 0.2424208223937688, 0.12121079545235232]]]
[[[0.8622437915723683, 0.1377562084276317], [0.999962023180801, 3.7976819199093336e-05]], [[1.0, 4.7282969612581134e-32], [0.7142857168130162, 0.2857142831869838]]]
[[[0.9999997543828533, 2.45617146726508e-07], [0.8016145338391413, 0.19838546616085873]], [[0.9999999999916489, 8.351006954120886e-12], [0.1968492728129304, 0.8031507271870695]]]
[[[0.8660901674930591, 0.1339098325069408], [0.9999999998049441, 1.9505578138135798e-10]], [[0.9327428158436566, 0.06725718415634342], [0.9339202916410874, 0.0660797083589126]]]
[[[0.9999999999996556, 3.443836895164798e-13], [0.8666571246641954, 0.13334287533580458]], [[0.9999999992552945, 7.447054207723193e-10], [0.8501674467347309, 0.14983255326526912]]]
[[[0.9999992489550328, 7.510449673033372e-07], [0.8218262261270911, 0.17817377387290892]], [[0.999999831127049, 1.6887295099808532e-07], [0.822911939271738, 0.1770880607282621]]]
[[[0.9999686085155292, 3.139148447088032e-05], [0.86361137201509, 0.13638862798491003]], [[0.7057776394942685, 0.2942223605057314], [0.9999999927830002, 7.216999830219127e-09]]]
[[[0.7859396611244064, 0.21406033887559364], [0.9999998195145995, 1.80485400488647e-07]], [[0.9350274988366775, 0.06497250116332257], [0.9315963064372138, 0.0684036935627862]]]
[[[0.8107082187066108, 0.18929178129338917], [0.9999805168985059, 1.9483101494088402e-05]], [[0.8653979995864768, 0.13460200041352313], [0.999962410261901, 3.758973809897276e-05]]]
[[[0.9999903240067031, 9.675993296875584e-06], [0.8551553789244347, 0.14484462107556537]], [[0.9999999999800051, 1.9994858228945182e-11], [0.5443522569275722, 0.45564774307242784]]]
[[[0.85166018729489, 0.0, 0.1483398127051099], [0.999956716622981, 0.0, 4.3283377018900344e-05]], [[0.9999999999900493, 9.950655332315213e-12], [0.47410978564573275, 0.5258902143542672]]]
[[[1.0, 5.836654069317689e-35], [0.7142857188441898, 0.28571428115581016]], [[0.849752125654941, 0.150247874345059], [0.9999956460435325, 4.353956467544495e-06]]]
[[[0.777475996365814, 0.2225240036341859], [0.9999999140902931, 8.590970690729803e-08]], [[0.6672060503179664, 0.3327939496820336], [0.9999999991483959, 8.516040648484467e-10]]]
[[[0.9360917290557872, 0.06390827094421278], [0.9304128499527657, 0.06958715004723431]], [[0.3409398727084272, 0.6590601272915727], [0.9999999999827403, 1.7259774459978837e-11]]]
[[[0.9999961585178045, 3.841482195389596e-06], [0.8503230605017479, 0.14967693949825223]], [[0.9999999994515522, 5.484478663941745e-10], [0.6477680158237726, 0.35223198417622736]]]
[[[0.8580519819874085, 0.1419480180125915], [0.9999829709049396, 1.7029095060428576e-05]], [[0.9999999976749749, 2.325025029749829e-09], [0.62022497024748, 0.37977502975252]]]
[[[0.9999999999999307, 6.930376438231856e-14], [0.856690052860998, 0.14330994713900205]], [[0.775178753573651, 0.2248212464263491], [0.999999812757039, 1.8724296101057224e-07]]]
[[[0.9999991591462754, 2.318705703920747e-69, 8.408537245771212e-07], [0.6363687723447942, 0.12121063853591146, 0.24242058911929446]], [[0.9999997846941313, 0.0, 2.1530586866692379e-07], [0.8431763362618068, 0.0, 0.1568236637381932]]]
[[[1.0, 0.0], [2.9581226916353034e-29, 1.0]], [[1.0, 1.3056206851439704e-22], [0.00011202606765402058, 0.999887973932346]]]
[[[0.7929183993755833, 0.20708160062441677], [0.999999910320025, 8.967997493884779e-08]], [[1.0, 5.571342011360547e-45], [0.7142857142879296, 0.28571428571207036]]]
[[[0.8560003713577506, 0.1439996286422493], [0.9999662587764824, 3.374122351748389e-05]], [[0.9999999997979687, 2.0203131044567237e-10], [0.8666215216137, 0.13337847838630001]]]
[[[0.99998399770831, 1.6002291689958656e-05], [0.8668762469110547, 0.13312375308894522]], [[0.9999999999950623, 4.9376076983473076e-12], [0.4431633524213781, 0.5568366475786218]]]
[[[1.7805332557219876e-35, 1.0], [1.0, 0.0]], [[0.9999949529982614, 5.047001738652434e-06], [0.8440119051250032, 0.15598809487499674]]]
[[[0.8547510830336656, 0.14524891696633438], [0.9999569875198435, 4.3012480156570504e-05]], [[0.860296724031561, 0.13970327596843904], [0.9999999374411119, 6.255888801558591e-08]]]
[[[0.9306601576344301, 0.06933984236556988], [0.9359226288166227, 0.06407737118337738]], [[0.9999589907819108, 4.100921808926938e-05], [0.8389896642847596, 0.16101033571524037]]]
[[[0.8575132345518859, 0.14248676544811414], [0.999996769528466, 3.230471534099737e-06]], [[0.06769383583757539, 0.9323061641624245], [0.9999999999970746, 2.9254486989132417e-12]]]
[[[0.830148716154453, 0.16985128384554699], [0.9999995367946076, 4.632053924049838e-07]], [[1.0490578078745411e-05, 0.9999895094219212], [0.9999999999999895, 1.0510259438816686e-14]]]
[[[0.7204361350229379, 0.27956386497706215], [0.9999999921703984, 7.829601553601917e-09]], [[0.8482711840784372, 0.1517288159215629], [0.9999538718994528, 4.6128100547120234e-05]]]
[[[0.708935809088241, 0.29106419091175895], [0.9999999831390028, 1.6860997269947816e-08]], [[1.0, 6.314730751952516e-21], [0.14837801500400025, 0.8516219849959998]]]
[[[0.00011718387936818095, 0.9998828161206318], [1.0, 4.630165362198956e-21]], [[0.9999950805507695, 4.919449230471439e-06], [0.8528163978051331, 0.14718360219486687]]]
[[[0.0032904839042000715, 0.9967095160957999], [1.0, 1.763357147048535e-20]], [[0.4620305873104687, 0.5379694126895312], [0.9999502774575365, 4.972254246356673e-05]]]
[[[0.9999666139271145, 3.338607288546283e-05], [0.8623010742252148, 0.13769892577478518]], [[0.9999776239982248, 2.2376001775145383e-05], [0.8592159956445409, 0.14078400435545904]]]
[[[1.0, 7.500455191510714e-179], [6.089731465204718e-43, 1.0]], [[3.8524395110748656e-23, 1.0], [1.0, 0.0]]]
[[[0.8514546030921778, 0.14854539690782223], [0.9999855639697848, 1.4436030215205575e-05]], [[0.9999999953574016, 4.642598475555069e-09], [0.7354461730079002, 0.26455382699209984]]]
[[[0.6715163816127373, 0.32848361838726264], [0.9999997075856357, 2.9241436430969447e-07]], [[0.7367923827679809, 0.2632076172320191], [0.9999999982487892, 1.7512107535686876e-09]]]
[[[0.9360296887344401, 0.06397031126555987], [0.9305254344055033, 0.06947456559449673]], [[0.658793824940842, 0.341206175059158], [0.9999999992070125, 7.929874930939333e-10]]]
[[[0.5566534667051527, 0.4433465332948472], [0.9999999999432807, 5.6719236348863905e-11]], [[0.9999960565536465, 3.943446353487862e-06], [0.8499628473020998, 0.1500371526979002]]]
[[[0.9356145974653669, 0.06438540253463304], [0.930962693174536, 0.06903730682546409]], [[0.9999999997778567, 2.221433715299463e-10], [0.592163482955763, 0.407836517044237]]]
[[[0.9999991859808867, 8.140191134599375e-07], [0.8216857937105327, 0.17831420628946723]], [[0.9999905045293676, 9.49547063247419e-06], [0.8583773198529303, 0.14162268014706966]]]
[[[0.9999959586412904, 4.041358709594283e-06], [0.8467082976933925, 0.15329170230660738]], [[0.8583775577761258, 0.1416224422238743], [0.9999642804429979, 3.571955700201924e-05]]]
[[[0.16940966152103587, 0.8305903384789642], [0.9999999999877297, 1.2270256068881484e-11]], [[0.8454824151398057, 0.15451758486019437], [0.9999970814748986, 2.9185251013656527e-06]]]
[[[0.8655080157429873, 0.13449198425701275], [0.9999729661750094, 2.7033824990533323e-05]], [[0.7780887820526207, 0.22191121794737925], [0.9999999598874536, 4.011254644368444e-08]]]
[[[0.9356825134220434, 0.0643174865779565], [0.9309064470044888, 0.06909355299551122]], [[0.9999997068028876, 2.9319711240123147e-07], [0.8098187328478953, 0.19018126715210462]]]
[[[0.999999599156019, 0.0, 4.008439809345449e-07], [0.8947114324247015, 0.0, 0.10528856757529849]], [[0.9999901174579368, 0.0, 9.882542063259692e-06], [0.8778670108938329, 0.0, 0.1221329891061671]]]
[[[1.0, 4.519051581677087e-108], [0.8571982702300461, 0.14280172976995392]], [[0.9999992935110763, 7.06488923805772e-07], [0.8336359556885352, 0.16636404431146473]]]
[[[0.8125276475944705, 0.1874723524055296], [0.9999995792116486, 4.2078835145209875e-07]], [[0.9318704417346636, 0.06812955826533644], [0.9347692570730731, 0.06523074292692686]]]
[[[0.5591173015279375, 0.4408826984720625], [1.0, 9.347625231982412e-18]], [[0.00011191066973608422, 0.9998880893302639], [1.0, 3.764450413729535e-23]]]
[[[0.8571428827616715, 0.1428571172383285], [1.0, 1.3810834799704816e-161]], [[0.6066294189503186, 0.3933705810496814], [0.9999999999736968, 2.630315173062568e-11]]]
[[[0.999999616213322, 3.837866779340226e-07], [0.8147321945349676, 0.18526780546503244]], [[0.9999748877194361, 2.511228056389267e-05], [0.8634024876181766, 0.1365975123818234]]]
[[[0.8607595222016627, 0.13924047779833718], [0.9999893835620358, 1.06164379641277e-05]], [[0.9999999998429566, 1.5704349540749085e-10], [0.6514252027409183, 0.34857479725908175]]]
[[[0.7981754934277295, 0.20182450657227038], [0.9999999103554374, 8.964456264604413e-08]], [[0.8666354280083329, 0.13336457199166699], [0.9999999999942548, 5.7451417912240626e-12]]]
[[[0.9999997935272992, 2.0647270084260415e-07], [0.8197866480971616, 0.18021335190283844]], [[0.8410064292136468, 0.1589935707863532], [0.9999998847309775, 1.152690225003174e-07]]]
[[[0.7528251939621187, 0.24717480603788142], [0.9999999925365808, 7.46341930537848e-09]], [[0.9999998484430628, 1.5155693732330233e-07], [0.8313538237254151, 0.1686461762745849]]]
[[[0.9999999999868893, 1.3110731794839598e-11], [0.8665058961481892, 0.13349410385181074]], [[0.9999650600870016, 3.493991299831883e-05], [0.859876852520966, 0.14012314747903393]]]
[[[0.9999997720332588, 2.2796674121226149e-07], [0.7946989630293556, 0.2053010369706444]], [[0.8395036836860973, 0.16049631631390263], [0.9999993959550553, 6.040449447215486e-07]]]
[[[0.8571291601256149, 0.14287083987438506], [1.0, 5.754825008740103e-73]], [[3.1698770078002515e-30, 1.0], [1.0, 0.0]]]
[[[0.9999999964020214, 3.597978626653745e-09], [0.7302502888701851, 0.2697497111298149]], [[0.9999999518217985, 4.81782014106263e-08], [0.8421709360629214, 0.15782906393707868]]]
[[[1.0, 3.8922271284874514e-168], [0.8571434877497801, 0.14285651225021992]], [[3.4796227100005995e-24, 1.0], [1.0, 0.0]]]
[[[0.3552365216712366, 0.6447634783287634], [0.9999999999182212, 8.177882278579181e-11]], [[0.8344909766402809, 0.16550902335971915], [0.9999977754152671, 2.2245847328222966e-06]]]
[[[0.8565180046966956, 0.1434819953033044], [0.9999946157801515, 5.384219848475767e-06]], [[1.0, 1.0472637941626402e-93], [0.85714303703514, 0.14285696296486]]]
[[[0.9314200287248814, 0.06857997127511851], [0.9351775805283687, 0.06482241947163123]], [[0.8571437183693117, 0.14285628163068834], [1.0, 9.9526578181333e-169]]]
[[[0.8530121442909735, 0.14698785570902642], [0.9999565264435571, 4.347355644281838e-05]], [[0.9999999051864007, 9.481359928892219e-08], [0.86138657758348, 0.13861342241651994]]]
[[[0.9999999734814837, 2.6518516206639708e-08], [0.7410471321185766, 0.25895286788142335]], [[0.6014772136593715, 0.3985227863406285], [0.9999999996353469, 3.646530885794496e-10]]]
[[[3.128367098362096e-36, 1.0], [1.0, 1.58e-321]], [[0.9999984827637046, 1.5172362954107497e-06], [0.8398335247736046, 0.1601664752263954]]]
[[[4.421780657041164e-26, 1.0], [1.0, 0.0]], [[5.20722380087635e-33, 1.0], [1.0, 0.0]]]
[[[0.8175637779745416, 0.18243622202545845], [0.9999986373545664, 1.3626454337412752e-06]], [[0.8141906981954617, 0.18580930180453833], [0.9999998127388483, 1.8726115180176993e-07]]]
[[[0.8229499507216318, 0.17705004927836826], [0.9999996269417236, 3.730582764951061e-07]], [[0.9999999999297291, 7.027085718828406e-11], [0.8662523690985082, 0.13374763090149172]]]
[[[0.9999999997839247, 2.1607536546471369e-10], [0.6292514089286652, 0.37074859107133484]], [[0.8632960181697101, 0.1367039818302899], [0.999981713553175, 1.828644682501429e-05]]]
[[[0.8365494537058302, 0.16345054629416972], [0.9999997479125463, 2.5208745356376994e-07]], [[1.0, 0.0], [1.3414220550677572e-24, 1.0]]]
[[[0.999999541791238, 4.582087620342239e-07], [0.8220043662278272, 0.1779956337721728]], [[0.5078646252278974, 0.49213537477210245], [0.9999999999980322, 1.9677325986909366e-12]]]
[[[0.9352845146682986, 0.06471548533170132], [0.9313564301558985, 0.06864356984410148]], [[0.6066789522340477, 0.3933210477659523], [0.9999999986084468, 1.3915531248254603e-09]]]
[[[0.9999996655611171, 3.344388829463761e-07], [0.8081564133909367, 0.19184358660906323]], [[0.9999984067300987, 1.593269901314668e-06], [0.852644487177291, 0.14735551282270895]]]
[[[0.7910143783602263, 0.2089856216397737], [0.9999996454792419, 3.545207581001202e-07]], [[0.8571603101062452, 0.14283968989375478], [1.0, 4.17549668793446e-127]]]
[[[0.9999938056965099, 6.1943034900383146e-06], [0.8539575495440589, 0.1460424504559411]], [[0.75267266837282, 0.24732733162717987], [0.9999999704365435, 2.9563456414275613e-08]]]
[[[0.7519791454048751, 0.24802085459512505], [0.999999999116865, 8.831349889719975e-10]], [[0.9999888181224805, 1.1181877519471233e-05], [0.8589643832166745, 0.14103561678332546]]]
[[[0.9999974620620177, 2.5379379823513215e-06], [0.825904850081195, 0.174095149918805]], [[0.9999574069443892, 4.259305561080017e-05], [0.8269593431331962, 0.17304065686680378]]]
[[[0.9999952790982612, 4.720901738691049e-06], [0.8511353495005467, 0.1488646504994534]], [[0.7457340688175217, 0.25426593118247826], [0.9999999631964775, 3.6803522454089654e-08]]]
